celda1: 103.9088669950739
celda2: 42.424137931034366
celda3: 71.42315270935943 o 69.48